

rnames<-c("number","a1","a2","a3","a4","a5","a6","b2")
cnames<-c()
cell_2018<-c(
  2018034,01,05,11,22,23.26,15,
  2018035,07,10,11,17,23,28,15,
  2018036,08,17,24,26,28,33,04,
  2018037,01,06,07,08,27,30,10,
  2018038,15,23,24,25,28,29,09,
  2018039,08,12,18,19,23,32,03,
  2018040,01,03,08,13,18,23,16,
  2018041,07,08,20,23,24,32,13,
  2018042,16,10,21,28,29,31,12,
  2018043,01,04,06,08,21,24,07,
  2018044,05,09,12,17,27,30,06,
  2018045,03,04,06,25,26,30,01,
  2018046,10,13,14,18,20,31,03,
  2017047,06,07,12,16,22,25,07,
  2018048,01,12,20,25,30,31,02,
  2018049,01,03,04,11,19,23,02,
  2018050,01,02,04,10,18,19,07,
  2018051,05,07,20,23,27,31,04,
  2018052,03,05,06,09,15,32,14,
  2018053,01,04,10,11,14,27,06,
  2018054,04,06,18,22,25,33,16,
  2018055,07,09,10,12,22,26,07,
  2018056,01,03,06,20,21,26,01,
  2018057,05,15,17,19,20,30,13,
  2018058,07,12,13,16,26,31,07,
  2018059,04,06,08,13,22,32,11,
  2018060,04,08,13,25,30,31,10,
  2018061,09,10,11,12,18,23,07,
  2018062,02,18,19,24,25,33,11,
  2018063,05,06,10,16,20,25,12,
  2018064,02,05,10,11,17,21,05,
  2018065,01,04,06,14,28,33,01,
  2018066,09,16,17,19,22,26,10,
  2018067,01,04,09,12,15,18,05,
  2018068,08,10,17,20,27,30,01,
  2018069,06,13,17,19,23,31,12,
  2018070,04,09,15,16,19,27,10,
  2018071,02,05,06,13,16,19,03,
  2018072,11,16,19,22,25,30,08,
  2018073,02,09,14,15,16,23,10,
  2018074,09,11,14,20,27,30,09,
  2018075,07,09,12,13,22,24,11,
  2018076,03,07,08,15,29,30,13,
  2018077,02,05,09,15,20,24,10,
  2018078,03,10,14,17,18,30,12,
  2018079,14,15,17,22,24,29,13,
  2018080,04,07,13,20,29,33,03,
  2018081,01,02,12,16,20,26,03,
  2018082,06,12,14,20,22,24,09,
  2018083,04,09,18,21,32,33,03,
  2018084,05,06,08,12,22,24,03,
  2018085,04,10,25,26,30,33,06,
  2018086,02,07,17,21,23,26,16,
  2018087,01,05,10,16,18,31,03,
  2018088,03,05,12,29,30,32,14,
  2018089,06,09,12,14,18,27,14,
  2018090,01,02,04,10,14,23,07,
  2018091,06,11,13,17,25,32,07,
  2018092,06,10,16,19,24,33,16,
  2018093,04,18,20,21,29,33,07,
  2018094,04,07,16,20,24,30,05,
  2018095,10,11,12,21,26,33,09,
  2018096,01,05,09,20,28,32,12,
  2018097,01,02,17,20,25,28,13,
  2018098,06,10,11,20,29,32,13,
  2018099,03,07,08,14,25,32,06,
  2018100,02,11,14,15,29,33,02,
  2018101,01,03,14,26,29,33,09,
  2018102,02,06,11,19,21,28,05,
  2018103,02,09,15,22,23,24,16,
  2018104,02,03,06,19,25,29,01,
  2018105,04.05,13,18,19,25,01,
  2018106,04,18,19,24,25,26,10,
  2018107,01,02,05,12,20,22,01,
  2018108,05,13,18,21,26,30,02,
  2018109,10,11,18,23,31,33,15,
  2018110,11,13,16,21,22,23,02,
  2018111,01,07,14,24,25,28,08,
  2018112,05,08,18,25,26,31,04,
  2018113,01,06,09,16,25,26,09,
  2018114,01,07,15,16,20,27,14,
  2018115,01,13,19,24,26,29,11,
  2018116,05,14,17,22,23,28,15,
  2018117,08,11,15,17,23,25,05,
  2018118,08,12,21,22,27,31,09,
  2018119,03,13,14,16,25,27,12,
  2018120,03,04,18,26,27,33,01,
  2018121,06,08,14,19,23,25,11,
  2018122,05,07,20,22,30,32,10,
  2018123,13,21,24,27,31,32,01,
  2018124,09,13,14,19,22,25,02,
  2018125,03,10,11,14,15,32,02,
  2018126,01,06,08,09,14,22,05,
  2018127,02,05,06,07,11,15,12,
  2018128,06,07,08,19,22,23,02,
  2018129,02,04,06,16,18,19,16,
  2018130,05,12,17,18,24,28,12,
  2018131,21,22,24,31,32,33,01,
  2018132,01,02,09,10,15,22,06,
  2018133,02,04,11,12,18,32,13,
  2018134,03,16,18,31,32,33,12,
  2018135,01,02,06,10,11,29,16,
  2018136,10,12,15,25,26,27,14,
  2018137,03,05,11,15,20,23,09,
  2018138,01,10,25,27,30,32,09,
  2018139,11,18,20,23,31,32,15,
  2018140,01,15,20,22,25,28,14,
  2018141,11,14,16,18,24,33,04,
  2018142,05,08,10,11,27,28,11,
  2018143,04,06,15,28,32,33,14,
  2018144,08,13,17,18,20,27,13,
  2018145,03,09,13,22,23,25,06,
  2018146,02,10,11,17,18,29,16,
  2018147,03,15,17,23,27,30,11,
  2018148,03,06,18,19,21,31,01,
  2018149,01,07,08,10,12,24,01,
  2018150,06,08,15,19,20,31,05,
  2018151,05,15,19,25,26,29,15,
  2018152,04,14,16,23,28,29,03,
  2018153,01,07,17,23,25,31,11,
  
)

cell_2019<-c(
  2019001,06,10,13,15,32,33,15,
  2019002,04,05,06,08,09,18,11,
  2019003,13,17,20,21,22,27,01,
  2019004,08,12,16,19,26,32,03,
  2019005,21,22,26,28,31,32,07,
  2019006,01,05,10,19,26,28,12,
  2019007,06,10,14,15,19,23,15,
  2019008,02,06,09,13,28,32,12,
  2019009,01,07,10,22,31,32,15,
  2019010,02,04,05,08,11,30,02,
  2019011,10,13,19,21,24,30,07,
  2019012,07,10,21,23,31,33,14,
  2019013,05,07,14,16,18,21,01,
  2019014,01,02,03,14,19,33,03,
  2019015,11,15,16,20,24,31,04,
  2019016,05,07,09,11,19,25,05,
  2019017,04,05,24,28,30,33,09,
  2019018,04,11,18,19,26,32,04,
  2019019,03,11,17,18,24,25,06,
  2019020,02,12,13,23,27,28,12,
  2019021,02,05,07,08,20,27,04,
  2019022,03,07,11,21,30,33,07,
  2019023,01,10,14,15,18,31,13,
  2019024,01,08,23,25,28,29.10,
  2019025,15,16,21,27,30,33,04,
  2019026,03,13,15,19,20,27,14,
  2019027,02,06,08,10,11,17,13,
  2019028,04,19,22,26,29,30,11,
  2019029,08,11,17,23,32,33,10,
  2019030,04,05,07,10,12,22,16,
  2019031,03,13,15,18,21,33,16,
  2019032,04,08,09,13,28,33,04,
  2019033,09,15,19,21,23,29,15,
  2019034,09,11,15,22,24,26,03,
  2019035,01,05,07,09,10,20,16,
  2019036,02,10,13,16,23,32,08,
  2019037,01,07,12,14,18,25,10,
  2019038,09,12,21,27,29,30,05,
  2019039,06,07,11,14,27,32,08,
  2019040,05,06,09,18,23,31,11,
  2019041,02,09,13,23,24,26,16,
  2019042,15,17,19,22,25,26,04,
  2019043,01,06,12,13,24,32,13,
  2019044,06,14,16,17,23,29,07,
  2019045,01,06,17,19,27,31,14,
  2019046,02,12,16,22,25,32,06,
  2019047,03,11,18,25,30,33,14,
  2019048,03,07,10,12,18,29,10,
  2019049,03,10,13,22,23,28,15,
  2019050,04,06,10,11,21,23,02,
  2019051,08,09,10,13,15,28.09,
  2019052,03,06,09,13,16,19,16,
  2019053,04,16,22,25,29,31,08,
  2019054,07,10,11,15,24,26,11,
  2019055,01,06,11,15,19,31,10,
  2019056,13,14,17,19,21,29,01,
  2019057,04,05,06,08,13,18,16,
  2019058,07,08,12,21,23,27,12,
  2019059,04,05,07,09,16,18,06,
  2019060,03,04,14,20,23,27,01,
  2019061,03,17,19,24,27,31,12,
  2019062,07,13,16,23,26,30,01,
  2019063,01,14,19,22,29,31,16,
  2019064,12,20,24,25,30,33,12,
  2019065,06,09,11,15,20,26,10,
  2019065,06,09,11,15,20,26,10,
  2019066,01,14,17,20,22,32,04,
  2019067,04,06,08,11,30,33,11,
  2019068,03,14,20,24,26,33,10,
  2019069,06,11,16,19,21,25,01,
  2019070,06,15,18,19,24,32,09,
  2019071,01,08,19,24,29,30,04,
  2019072,02,09,13,15,22,30,15,
  2019073,01,02,06,12,16,18,08,
  2019074,12,21,27,29,31,33,04,
  2019075,05,08,20,22,31,33,03,
  2019076,12,15,19,20,29,32,14,
  2019077,09,11,13,18,21,22,15,
  2019078,01,17,27,29,31,33,12,
  2019079,01,03,06,09,19,31,16,
  2019080,03,06,08,20,24,32,07,
  2019081,05,24,27,29,31,32,10,
  2019082,07,16,19,22,24,28,02,
  2019083,06,15,17,26,28,31,03,
  2019084,04,08,14,18,20,27,03,
  2019085,01,04,14,18,24,29,04,
  2019086,16,22,24,26,28,31,06,
  2019087,04,05,07,09,21,30,04,
  2019088,13,14,15,21,23,29,13,
  2019089,02,04,14,16,20,22,11,
  2109090,02,03,06.08,14,22,04,
  2019091,07,10,21,24,29,32,11,
  2019092,09,17,27,28,32,33,08,
  2019093,05,07,08,09,20,22,02,
  2019094,05,10,12,18,19,27,06,
  2019095,02,05,14,19,21,28,01,
  2109096,05,07,12,18,27,32,11,
  2109097,03,05,18,24,25,31,09,
  2019098,03,11,12,14,17,26,09,
  2019099,07,14,22,23,27,30,08,
  2019100,01,04,12,13,30,32,08,
  2019101,01,04,09,21,31,33,05,
  2019102,03,08,12,16,20,32,12,
  2019103,04,12,14,21,27,29,12,
  2019104,01,05,16,17,18,24,10,
  2019105,02,13,15,17,26,33,01,
  2019106,02,14,22,27,30,33,14,
  2019107,02,06,08,23,27,32,02,
  2019108,07,13,19,22,25,32,13,
  2019109,03,06,07,17,28,31,10,
  2019110,01,18,22,26,27,28,08,
  2019111,07,18,20,22,24,33,01,
  2019112,03,12,14,17,23,27,01,
  2019113,01,05,19,21,25,33,15,
  2019114,02,04,09,11,12,30,01,
  2019115,04,10,11,14,15,29,05,
  2019116,01,08,09,13,16,33,01,
  2019117,03,05,11,28,32,33,01,
  2019118,02,14,15,25,28,31,04,
  2019119,04,20,22,24,26,33,07,
  2019120,10,12,27,31,32,33,03,
  2019121,02,06,15,21,30,31,02,
  2019122,04,10,15,19,21,23,02,
  2019123,02,06,08,17,28,30,06,
  2019124,04,09,30,31,32,33,01,
  2019125,02,11,12,26,27,29,03,
